Değişken Mesaj Uzunluğu
------------------------------
Hash1 Değişken Mesaj Uzunluğu:
Hash1: 28
Hash1: 49
Hash2 Değişken Mesaj Uzunluğu:
Hash2: 84
Hash2: 25
------------------------------
Sabit Çıktı Uzunluğu
------------------------------
Hash1: 15
Hash2: 55
------------------------------
Pre-Image Resistant
------------------------------
First Pre-image for Hash1: [0, 44]
First Pre-image for Hash2: [0, 12]
100 Pre-images found for Hash1
80 Pre-images found for Hash2
Pre-images for Hash1: [[0, 44], [1, 43], [2, 42], [3, 41], [4, 40], [5, 39], [6, 38], [7, 37], [8, 36], [9, 35], [10, 34], [11, 33], [12, 32], [13, 31], [14, 30], [15, 29], [16, 28], [17, 27], [18, 26], [19, 25], [20, 24], [21, 23], [22, 22], [23, 21], [24, 20], [25, 19], [26, 18], [27, 17], [28, 16], [29, 15], [30, 14], [31, 13], [32, 12], [33, 11], [34, 10], [35, 9], [36, 8], [37, 7], [38, 6], [39, 5], [40, 4], [41, 3], [42, 2], [43, 1], [44, 0], [45, 99], [46, 98], [47, 97], [48, 96], [49, 95], [50, 94], [51, 93], [52, 92], [53, 91], [54, 90], [55, 89], [56, 88], [57, 87], [58, 86], [59, 85], [60, 84], [61, 83], [62, 82], [63, 81], [64, 80], [65, 79], [66, 78], [67, 77], [68, 76], [69, 75], [70, 74], [71, 73], [72, 72], [73, 71], [74, 70], [75, 69], [76, 68], [77, 67], [78, 66], [79, 65], [80, 64], [81, 63], [82, 62], [83, 61], [84, 60], [85, 59], [86, 58], [87, 57], [88, 56], [89, 55], [90, 54], [91, 53], [92, 52], [93, 51], [94, 50], [95, 49], [96, 48], [97, 47], [98, 46], [99, 45]]
Pre-images for Hash2: [[0, 12], [0, 38], [0, 62], [0, 88], [10, 12], [10, 38], [10, 62], [10, 88], [12, 0], [12, 10], [12, 20], [12, 30], [12, 40], [12, 50], [12, 60], [12, 70], [12, 80], [12, 90], [20, 12], [20, 38], [20, 62], [20, 88], [30, 12], [30, 38], [30, 62], [30, 88], [38, 0], [38, 10], [38, 20], [38, 30], [38, 40], [38, 50], [38, 60], [38, 70], [38, 80], [38, 90], [40, 12], [40, 38], [40, 62], [40, 88], [50, 12], [50, 38], [50, 62], [50, 88], [60, 12], [60, 38], [60, 62], [60, 88], [62, 0], [62, 10], [62, 20], [62, 30], [62, 40], [62, 50], [62, 60], [62, 70], [62, 80], [62, 90], [70, 12], [70, 38], [70, 62], [70, 88], [80, 12], [80, 38], [80, 62], [80, 88], [88, 0], [88, 10], [88, 20], [88, 30], [88, 40], [88, 50], [88, 60], [88, 70], [88, 80], [88, 90], [90, 12], [90, 38], [90, 62], [90, 88]]
------------------------------
Second Pre-Image Resistant
------------------------------
Target Hash for Hash1: 75
Second Pre-image for Hash1: [0, 75]
Target Hash for Hash2: 25
Second Pre-image for Hash2: [0, 5]
99 Second Pre-images found for Hash1
519 Second Pre-images found for Hash2
Second Pre-images for Hash1: [[0, 75], [1, 74], [2, 73], [3, 72], [4, 71], [5, 70], [6, 69], [7, 68], [8, 67], [9, 66], [10, 65], [11, 64], [12, 63], [13, 62], [14, 61], [15, 60], [16, 59], [17, 58], [18, 57], [19, 56], [20, 55], [21, 54], [22, 53], [23, 52], [24, 51], [26, 49], [27, 48], [28, 47], [29, 46], [30, 45], [31, 44], [32, 43], [33, 42], [34, 41], [35, 40], [36, 39], [37, 38], [38, 37], [39, 36], [40, 35], [41, 34], [42, 33], [43, 32], [44, 31], [45, 30], [46, 29], [47, 28], [48, 27], [49, 26], [50, 25], [51, 24], [52, 23], [53, 22], [54, 21], [55, 20], [56, 19], [57, 18], [58, 17], [59, 16], [60, 15], [61, 14], [62, 13], [63, 12], [64, 11], [65, 10], [66, 9], [67, 8], [68, 7], [69, 6], [70, 5], [71, 4], [72, 3], [73, 2], [74, 1], [75, 0], [76, 99], [77, 98], [78, 97], [79, 96], [80, 95], [81, 94], [82, 93], [83, 92], [84, 91], [85, 90], [86, 89], [87, 88], [88, 87], [89, 86], [90, 85], [91, 84], [92, 83], [93, 82], [94, 81], [95, 80], [96, 79], [97, 78], [98, 77], [99, 76]]
Second Pre-images for Hash2: [[0, 5], [0, 15], [0, 25], [0, 35], [0, 45], [0, 55], [0, 65], [0, 75], [0, 85], [0, 95], [1, 18], [1, 32], [1, 68], [1, 82], [2, 11], [2, 39], [2, 61], [2, 89], [3, 4], [3, 46], [3, 54], [3, 96], [4, 3], [4, 47], [4, 53], [4, 97], [5, 0], [5, 10], [5, 20], [5, 30], [5, 40], [5, 50], [5, 60], [5, 70], [5, 80], [5, 90], [6, 17], [6, 33], [6, 67], [6, 83], [7, 24], [7, 26], [7, 74], [7, 76], [8, 19], [8, 31], [8, 69], [8, 81], [9, 12], [9, 38], [9, 62], [9, 88], [10, 5], [10, 15], [10, 25], [10, 35], [10, 45], [10, 55], [10, 65], [10, 75], [10, 85], [10, 95], [11, 2], [11, 48], [11, 52], [11, 98], [12, 9], [12, 41], [12, 59], [12, 91], [13, 16], [13, 34], [13, 66], [13, 84], [14, 23], [14, 27], [14, 73], [14, 77], [15, 0], [15, 10], [15, 20], [15, 30], [15, 40], [15, 50], [15, 60], [15, 70], [15, 80], [15, 90], [16, 13], [16, 37], [16, 63], [16, 87], [17, 6], [17, 44], [17, 56], [17, 94], [18, 1], [18, 49], [18, 51], [18, 99], [19, 8], [19, 42], [19, 58], [19, 92], [20, 5], [20, 15], [20, 25], [20, 35], [20, 45], [20, 55], [20, 65], [20, 75], [20, 85], [20, 95], [21, 22], [21, 28], [21, 72], [21, 78], [22, 21], [22, 29], [22, 71], [22, 79], [23, 14], [23, 36], [23, 64], [23, 86], [24, 7], [24, 43], [24, 57], [24, 93], [25, 0], [25, 10], [25, 20], [25, 30], [25, 40], [25, 60], [25, 70], [25, 80], [25, 90], [26, 7], [26, 43], [26, 57], [26, 93], [27, 14], [27, 36], [27, 64], [27, 86], [28, 21], [28, 29], [28, 71], [28, 79], [29, 22], [29, 28], [29, 72], [29, 78], [30, 5], [30, 15], [30, 25], [30, 35], [30, 45], [30, 55], [30, 65], [30, 75], [30, 85], [30, 95], [31, 8], [31, 42], [31, 58], [31, 92], [32, 1], [32, 49], [32, 51], [32, 99], [33, 6], [33, 44], [33, 56], [33, 94], [34, 13], [34, 37], [34, 63], [34, 87], [35, 0], [35, 10], [35, 20], [35, 30], [35, 40], [35, 50], [35, 60], [35, 70], [35, 80], [35, 90], [36, 23], [36, 27], [36, 73], [36, 77], [37, 16], [37, 34], [37, 66], [37, 84], [38, 9], [38, 41], [38, 59], [38, 91], [39, 2], [39, 48], [39, 52], [39, 98], [40, 5], [40, 15], [40, 25], [40, 35], [40, 45], [40, 55], [40, 65], [40, 75], [40, 85], [40, 95], [41, 12], [41, 38], [41, 62], [41, 88], [42, 19], [42, 31], [42, 69], [42, 81], [43, 24], [43, 26], [43, 74], [43, 76], [44, 17], [44, 33], [44, 67], [44, 83], [45, 0], [45, 10], [45, 20], [45, 30], [45, 40], [45, 50], [45, 60], [45, 70], [45, 80], [45, 90], [46, 3], [46, 47], [46, 53], [46, 97], [47, 4], [47, 46], [47, 54], [47, 96], [48, 11], [48, 39], [48, 61], [48, 89], [49, 18], [49, 32], [49, 68], [49, 82], [50, 5], [50, 15], [50, 25], [50, 35], [50, 45], [50, 55], [50, 65], [50, 75], [50, 85], [50, 95], [51, 18], [51, 32], [51, 68], [51, 82], [52, 11], [52, 39], [52, 61], [52, 89], [53, 4], [53, 46], [53, 54], [53, 96], [54, 3], [54, 47], [54, 53], [54, 97], [55, 0], [55, 10], [55, 20], [55, 30], [55, 40], [55, 50], [55, 60], [55, 70], [55, 80], [55, 90], [56, 17], [56, 33], [56, 67], [56, 83], [57, 24], [57, 26], [57, 74], [57, 76], [58, 19], [58, 31], [58, 69], [58, 81], [59, 12], [59, 38], [59, 62], [59, 88], [60, 5], [60, 15], [60, 25], [60, 35], [60, 45], [60, 55], [60, 65], [60, 75], [60, 85], [60, 95], [61, 2], [61, 48], [61, 52], [61, 98], [62, 9], [62, 41], [62, 59], [62, 91], [63, 16], [63, 34], [63, 66], [63, 84], [64, 23], [64, 27], [64, 73], [64, 77], [65, 0], [65, 10], [65, 20], [65, 30], [65, 40], [65, 50], [65, 60], [65, 70], [65, 80], [65, 90], [66, 13], [66, 37], [66, 63], [66, 87], [67, 6], [67, 44], [67, 56], [67, 94], [68, 1], [68, 49], [68, 51], [68, 99], [69, 8], [69, 42], [69, 58], [69, 92], [70, 5], [70, 15], [70, 25], [70, 35], [70, 45], [70, 55], [70, 65], [70, 75], [70, 85], [70, 95], [71, 22], [71, 28], [71, 72], [71, 78], [72, 21], [72, 29], [72, 71], [72, 79], [73, 14], [73, 36], [73, 64], [73, 86], [74, 7], [74, 43], [74, 57], [74, 93], [75, 0], [75, 10], [75, 20], [75, 30], [75, 40], [75, 50], [75, 60], [75, 70], [75, 80], [75, 90], [76, 7], [76, 43], [76, 57], [76, 93], [77, 14], [77, 36], [77, 64], [77, 86], [78, 21], [78, 29], [78, 71], [78, 79], [79, 22], [79, 28], [79, 72], [79, 78], [80, 5], [80, 15], [80, 25], [80, 35], [80, 45], [80, 55], [80, 65], [80, 75], [80, 85], [80, 95], [81, 8], [81, 42], [81, 58], [81, 92], [82, 1], [82, 49], [82, 51], [82, 99], [83, 6], [83, 44], [83, 56], [83, 94], [84, 13], [84, 37], [84, 63], [84, 87], [85, 0], [85, 10], [85, 20], [85, 30], [85, 40], [85, 50], [85, 60], [85, 70], [85, 80], [85, 90], [86, 23], [86, 27], [86, 73], [86, 77], [87, 16], [87, 34], [87, 66], [87, 84], [88, 9], [88, 41], [88, 59], [88, 91], [89, 2], [89, 48], [89, 52], [89, 98], [90, 5], [90, 15], [90, 25], [90, 35], [90, 45], [90, 55], [90, 65], [90, 75], [90, 85], [90, 95], [91, 12], [91, 38], [91, 62], [91, 88], [92, 19], [92, 31], [92, 69], [92, 81], [93, 24], [93, 26], [93, 74], [93, 76], [94, 17], [94, 33], [94, 67], [94, 83], [95, 0], [95, 10], [95, 20], [95, 30], [95, 40], [95, 50], [95, 60], [95, 70], [95, 80], [95, 90], [96, 3], [96, 47], [96, 53], [96, 97], [97, 4], [97, 46], [97, 54], [97, 96], [98, 11], [98, 39], [98, 61], [98, 89], [99, 18], [99, 32], [99, 68], [99, 82]]
------------------------------
Collision Resistant
------------------------------
50 Collisions found for Hash1
89 Collisions found for Hash2
Collisions for Hash1: [(0, 50), (1, 51), (2, 52), (3, 53), (4, 54), (5, 55), (6, 56), (7, 57), (8, 58), (9, 59), (10, 60), (11, 61), (12, 62), (13, 63), (14, 64), (15, 65), (16, 66), (17, 67), (18, 68), (19, 69), (20, 70), (21, 71), (22, 72), (23, 73), (24, 74), (25, 75), (26, 76), (27, 77), (28, 78), (29, 79), (30, 80), (31, 81), (32, 82), (33, 83), (34, 84), (35, 85), (36, 86), (37, 87), (38, 88), (39, 89), (40, 90), (41, 91), (42, 92), (43, 93), (44, 94), (45, 95), (46, 96), (47, 97), (48, 98), (49, 99)]
Collisions for Hash2: [(0, 24), (1, 23), (2, 7), (3, 21), (4, 20), (5, 19), (6, 18), (7, 12), (8, 16), (9, 15), (10, 14), (11, 13), (12, 17), (13, 36), (14, 35), (15, 34), (16, 33), (17, 22), (18, 31), (19, 30), (20, 29), (21, 28), (22, 27), (23, 26), (24, 25), (25, 49), (26, 48), (27, 32), (28, 46), (29, 45), (30, 44), (31, 43), (32, 37), (33, 41), (34, 40), (35, 39), (36, 38), (37, 42), (38, 61), (39, 60), (40, 59), (41, 58), (42, 47), (43, 56), (44, 55), (45, 54), (46, 53), (47, 52), (48, 51), (49, 50), (50, 74), (51, 73), (52, 57), (53, 71), (54, 70), (55, 69), (56, 68), (57, 62), (58, 66), (59, 65), (60, 64), (61, 63), (62, 67), (63, 86), (64, 85), (65, 84), (66, 83), (67, 72), (68, 81), (69, 80), (70, 79), (71, 78), (72, 77), (73, 76), (74, 75), (75, 99), (76, 98), (77, 82), (78, 96), (79, 95), (80, 94), (81, 93), (82, 87), (83, 91), (84, 90), (85, 89), (86, 88), (87, 92), (92, 97)]
